303 185
300 187
284 164
285 164
304 175
286 154
308 163
311 163
313 163
294 142
294 143
292 144
312 155
313 160
288 139
292 139
303 140
313 159
289 140
310 151
313 151
316 151
289 140
295 140
313 149
262 143
266 143
270 143
292 152
295 152
296 152
301 152
313 153
267 133
268 133
291 148
292 148
295 148
296 148
297 148
301 148
316 149
320 149
323 149
274 142
299 159
303 159
317 159
320 159
323 159
338 159
264 146
268 146
269 146
295 155
299 155
300 155
301 155
317 157
322 157
327 157
338 157
345 157
264 150
267 150
270 150
296 151
297 151
300 151
303 151
316 152
321 152
323 152
339 152
266 148
267 149
270 149
272 149
294 151
295 151
300 151
316 152
319 152
320 152
323 152
339 152
341 152
270 157
271 157
297 159
300 159
304 159
314 159
320 159
339 160
340 160
271 165
276 165
277 165
340 166
341 166
270 168
272 168
278 168
296 168
297 168
298 168
301 168
303 168
307 168
320 168
327 168
339 169
342 169
348 169
269 169
278 169
279 169
297 169
304 169
307 169
318 169
321 169
323 169
338 170
340 170
345 170
270 163
272 163
273 163
296 164
298 164
301 164
302 164
304 164
320 165
321 165
324 165
341 165
347 165
273 183
281 183
282 183
285 183
299 183
300 183
302 183
321 184
326 184
350 184
274 186
283 186
300 186
307 186
310 186
323 186
350 186
352 186
278 196
279 196
280 196
283 196
290 196
296 196
302 196
307 196
308 196
309 196
310 196
313 196
316 196
322 196
323 196
325 196
327 196
328 196
348 196
350 196
352 224
249 194
252 194
253 194
294 196
305 196
307 196
309 196
310 196
313 196
315 196
323 196
325 196
326 196
328 196
335 196
350 196
338 214
250 198
251 198
298 198
305 198
310 198
311 198
312 198
313 198
317 198
322 198
328 198
329 198
330 198
355 205
353 223
252 198
299 198
303 198
308 198
310 198
311 198
313 198
317 198
319 198
323 198
328 198
331 198
334 198
356 202
347 217
251 199
290 199
299 199
308 199
313 199
314 199
317 199
318 199
328 199
329 199
331 199
332 199
333 199
335 199
352 222
267 204
251 205
299 206
311 206
316 206
317 206
318 206
319 206
325 206
327 206
335 206
336 206
341 206
358 206
356 220
261 220
323 221
324 221
328 221
329 221
334 221
335 221
337 221
338 221
340 221
343 221
345 221
357 223
256 214
258 214
264 214
320 214
322 214
323 214
324 214
328 214
331 214
334 214
337 214
341 214
342 214
347 214
349 219
270 234
272 234
274 234
333 234
335 234
337 234
338 234
340 234
343 234
344 234
346 234
351 234
355 234
356 234
361 234
366 234
270 230
272 230
334 230
338 230
344 231
347 231
351 231
361 231
368 231
276 232
345 233
346 233
349 233
351 233
352 233
354 233
358 233
364 233
366 233
275 232
343 232
354 232
356 232
359 232
364 232
368 232
283 244
285 244
348 244
359 244
367 244
373 244
378 244
285 241
288 241
342 241
351 241
352 241
355 241
357 241
358 241
361 241
362 241
365 241
366 241
373 241
376 241
377 241
293 253
313 253
317 253
360 253
361 253
363 253
365 253
369 253
370 253
375 253
379 253
380 253
310 276
311 276
314 276
369 276
370 276
374 276
376 276
379 276
381 276
299 261
303 261
306 261
307 261
316 261
317 261
371 262
372 262
377 262
379 262
380 262
383 262
384 262
386 262
314 274
376 274
377 274
379 274
380 274
385 274
393 274
314 274
322 274
325 274
380 274
381 274
386 274
387 274
389 274
310 272
312 272
314 272
315 272
320 272
321 272
381 272
386 272
388 272
389 272
390 272
391 272
394 272
316 276
318 276
320 276
324 276
325 276
386 276
387 276
390 276
394 276
323 280
324 280
330 280
334 280
339 280
391 280
395 280
396 280
327 285
331 285
332 285
334 285
335 285
338 285
339 285
342 285
400 285
402 285
335 288
338 288
341 288
343 288
350 288
395 288
399 288
334 284
342 284
344 284
346 284
348 284
406 284
412 284
334 282
338 282
339 282
344 282
352 282
406 282
409 282
412 282
339 286
342 286
347 286
348 286
408 286
349 292
352 292
354 292
357 292
410 292
351 288
357 288
362 288
416 288
417 288
422 288
353 294
355 294
358 294
361 294
367 294
356 276
356 290
357 290
359 290
363 290
366 290
360 289
364 289
367 289
378 289
354 286
363 286
378 286
367 290
368 290
371 290
375 290
378 290
372 287
377 287
371 292
381 292
382 292
366 284
375 284
376 284
378 286
381 286
385 286
400 286
380 290
389 290
395 290
383 290
385 290
389 290
392 290
394 290
400 290
407 290
396 281
398 286
400 286
406 286
417 286
412 291
414 291
418 291
419 291
411 282
422 282
424 282
423 290
426 290
432 290
433 290
435 290
434 282
438 282
440 282
443 282
444 282
446 282
447 282
457 282
441 274
442 274
448 274
449 274
456 274
459 274
478 274
481 274
488 274
499 274
485 277
487 277
489 277
498 277
488 277
496 277
497 277
501 277
482 269
484 269
485 269
487 269
488 269
489 269
496 269
487 276
488 276
490 276
492 276
496 276
498 276
501 276
507 276
481 277
501 277
506 277
511 277
515 277
488 260
494 260
500 260
506 260
517 260
502 276
507 276
511 276
491 264
501 264
503 264
504 264
509 264
515 264
527 264
503 276
507 276
508 276
509 276
513 276
514 276
518 276
519 276
501 276
502 276
510 276
511 276
513 276
516 276
518 276
519 276
528 276
530 276
512 275
515 275
516 275
518 275
519 275
522 275
523 275
530 275
534 275
517 271
519 271
520 271
523 271
524 271
525 271
516 272
518 272
520 272
521 272
523 272
525 272
526 272
527 272
530 272
535 272
540 272
519 254
521 254
524 254
525 254
527 254
530 254
537 254
540 254
519 255
525 255
527 255
529 255
535 255
536 255
540 255
534 274
537 274
540 274
550 274
555 274
532 248
534 248
536 248
538 248
540 248
541 248
542 248
551 248
552 248
538 240
541 240
545 240
547 240
549 240
552 240
553 240
555 240
591 228
589 235
589 237
540 244
541 244
542 244
546 244
548 244
550 244
552 244
554 244
557 244
560 244
562 244
605 212
622 212
628 212
544 242
547 242
550 242
551 242
552 242
553 242
555 242
556 242
560 242
562 242
565 242
618 213
605 214
555 246
556 246
558 246
559 246
563 246
567 246
570 246
618 196
608 199
559 241
561 241
563 241
566 241
570 241
572 241
617 195
616 196
609 203
561 219
566 219
567 219
570 219
574 219
619 195
620 195
618 197
567 244
568 244
571 244
573 244
575 244
578 244
585 244
586 244
636 214
614 229
564 242
567 242
570 242
571 242
572 242
576 242
577 242
578 242
580 242
584 242
586 242
589 242
613 189
587 239
589 240
630 187
603 188
636 195
575 228
579 230
580 230
581 230
582 230
583 230
584 230
592 230
601 230
601 234
616 195
588 232
593 232
597 232
589 232
591 232
592 232
598 232
605 232
614 232
591 243
593 243
595 243
596 243
597 243
598 243
599 243
603 243
609 243
598 225
601 225
608 225
610 225
611 225
611 258
616 258
617 258
619 258
604 234
607 234
608 234
609 234
612 234
613 234
617 234
633 254
611 239
615 239
618 239
621 239
622 239
626 239
631 240
622 249
625 249
629 249
627 220
629 220
627 219
629 219
633 219
636 219
637 225
