148,226
148,226
148,226
148,226
149,227
149,226
149,229
150,228
151,228
150,229
149,230
148,231
148,231
149,232
149,236
149,238
148,242
147,242
147,244
149,250
148,251
149,255
151,258
152,263
152,268
153,277
153,280
154,283
154,285
153,289
153,291
154,296
156,298
157,303
158,306
159,310
160,311
160,314
160,316
161,321
161,323
161,327
162,329
162,334
161,337
159,343
158,346
155,349
154,351
154,355
152,361
151,365
149,372
147,376
146,382
145,386
144,391
144,396
143,402
142,407
139,414
138,418
138,422
138,425
139,429
138,431
138,433
137,434
137,436
137,437
136,440
134,441
131,442
130,443
130,445
129,447
128,448
128,449
128,450
128,451
127,452
127,454
125,454
126,454
129,457
131,458
134,458
133,457
132,458
133,459
133,460
134,461
136,462
135,462
136,462
135,462
136,463
136,463
132,465
132,465
132,465
132,465
132,465
132,465
132,465
132,465
