416,147
417,147
417,147
417,148
417,148
418,148
418,148
419,149
418,149
418,149
417,151
417,151
417,152
418,152
418,153
419,154
419,155
418,156
417,157
417,158
416,158
416,160
415,163
415,166
415,172
416,174
416,178
415,181
415,185
415,187
416,193
417,195
418,196
418,200
418,202
418,207
418,210
418,212
420,214
423,216
424,218
425,222
426,223
428,227
429,232
430,236
431,236
431,236
431,239
431,242
429,245
429,246
429,248
429,254
430,257
429,262
423,269
423,273
424,276
424,278
423,280
423,282
422,284
422,287
422,289
423,291
423,295
424,297
424,299
424,302
425,305
425,308
426,310
428,311
428,314
429,320
429,323
430,327
432,331
433,334
435,337
436,340
437,344
437,348
436,350
436,354
436,357
436,360
437,365
437,368
437,369
438,371
438,373
440,376
441,379
441,382
441,385
442,389
443,393
443,396
444,399
444,402
444,404
445,407
446,410
445,414
445,418
444,420
443,422
442,425
441,428
441,431
442,430
441,432
441,435
441,438
441,439
443,440
444,441
446,442
447,444
447,445
448,445
449,446
449,446
450,447
451,448
451,449
452,450
452,450
452,451
453,452
454,454
455,455
459,456
463,459
