238,274
237,275
237,275
238,276
237,276
239,277
239,278
239,279
238,281
238,282
238,285
240,288
240,290
241,292
240,295
241,298
242,302
242,306
242,309
242,313
242,317
241,322
242,325
241,329
240,333
240,335
239,338
238,342
238,346
238,348
238,351
237,353
236,356
236,359
236,364
236,368
236,371
236,374
237,377
237,380
238,383
237,388
237,391
237,396
237,401
237,405
237,411
236,415
235,420
234,424
233,428
232,433
232,436
231,440
231,443
230,445
229,448
229,451
229,453
229,456
229,456
227,458
224,458
220,460
221,461
220,462
221,462
221,464
221,464
221,464
221,464
221,464
221,464
221,464
221,464
221,464
221,464
221,464
221,464
